1	4097
2	4098
3	4099
4	4100
6	4101
7	4102
8	4103
9	4104
10	4105
11	4106
12	4107
13	4108
14	4109
15	4110
16	4111
19	4112
20	4113
21	4114
27	4115
28	4116
30	4117
37	4118
38	4119
41	4120
42	4121
43	4122
44	4123
45	4124
46	4125
48	4126
49	4127
50	4128
51	4129
52	4130
58	4131
62	4132
63	4133
64	4134
67	4135
69	4136
78	4137
85	4138
86	4139
87	4140
90	4141
91	4142
94	4143
95	4144
96	4145
97	4146
99	4147
101	4148
103	4149
104	4150
105	4151
106	4152
107	4153
109	4154
110	4155
120	4156
122	4157
123	4158
130	4159
131	4160
132	4161
133	4162
134	4163
135	4164
137	4165
138	4166
147	4167
148	4168
149	4169
150	4170
168	4171
169	4172
170	4173
171	4174
172	4175
173	4176
174	4177
175	4178
176	4179
177	4180
178	4181
179	4182
180	4183
181	4184
182	4185
183	4186
184	4187
185	4188
186	4189
187	4190
188	4191
189	4192
190	4193
191	4194
192	4195
193	4196
194	4197
195	4198
196	4199
197	4200
221	4201
222	4202
223	4203
224	4204
225	4205
226	4206
229	4207
230	4208
235	4209
236	4210
237	4211
238	4212
239	4213
240	4214
241	4215
242	4216
243	4217
244	4218
245	4219
246	4220
251	4221
252	4222
253	4223
492	4224
495	4225
498	4226
573	4227
602	4228
609	4229
610	4230
611	4231
612	4232
614	4233
615	4234
616	4235
617	4236
618	4237
620	4238
621	4239
632	4240
633	4241
638	4242
639	4243
701	4244
702	4245
703	4246
704	4247
705	4248
706	4249
757	4250
760	4251
763	4252
766	4253
769	4254
772	4255
775	4256
778	4257
781	4258
784	4259
800	4260
801	4261
803	4262
804	4263
805	4264
900	4265
901	4266
902	4267
903	4268
905	4269
909	4270
910	4271
911	4272
913	4273
915	4274
916	4275
917	4276
918	4277
919	4278
920	4279
924	4280
925	4281
926	4282
927	4283
928	4284
929	4285
930	4286
931	4287
932	4288
933	4289
934	4290
935	4291
936	4292
937	4293
938	4294
939	4295
940	4296
941	4297
942	4298
1026	4299
1027	4300
1028	4301
1029	4302
1030	4303
1031	4304
1052	4305
1053	4306
1054	4307
1055	4308
1056	4309
1061	4310
1063	4311
1064	4312
1065	4313
1066	4314
1067	4315
1068	4316
1069	4317
1079	4318
1108	4319
1109	4320
1112	4321
1113	4322
1114	4323
1115	4324
1118	4325
1137	4326
1140	4327
1141	4328
1142	4329
1143	4330
1144	4331
1145	4332
1146	4333
1147	4334
1148	4335
1149	4336
1151	4337
1152	4338
1153	4339
1154	4340
1155	4341
1156	4342
1157	4343
1158	4344
1159	4345
1160	4346
1161	4347
1162	4348
1163	4349
1164	4350
1899	4351
1902	4352
2002	4353
2017	4354
2025	4355
2026	4356
2029	4357
2030	4358
2031	4359
2032	4360
2033	4361
2034	4362
2035	4363
2036	4364
2039	4365
2040	4366
2041	4367
2085	4368
2086	4369
2524	4370
3710	4371
16898	4372
16899	4373
16900	4374
16901	4375
16902	4376
16903	4377
16904	4378
16905	4379
16906	4380
16911	4381
16912	4382
16913	4383
16914	4384
16915	4385
16916	4386
16917	4387
16918	4388
16918	4389
16919	4390
16925	4391
16926	4392
16927	4393
16928	4394
20627	4395
42530464	4396
42533025	4397
42533026	4398
42533027	4399
42533029	4400
42533030	4401
42533035	4402
42533036	4403
42533037	4404
42533038	4405
42533039	4406
42533040	4407
42533041	4408
42533042	4409
42533043	4410
42533046	4411
42533047	4412
42533048	4413
42533049	4414
42533052	4415
42533053	4416
42533054	4417
42533055	4418
42533056	4419
42533057	4420
42533058	4421
42533059	4422
42533060	4423
42533061	4424
42533062	4425
42533063	4426
42533064	4427
42533065	4428
42533066	4429
42533067	4430
42533068	4431
42533069	4432
42533070	4433
42533071	4434
42533072	4435
42533537	4436
42533793	4437
42534816	4438
42534817	4439
42534819	4440
42534820	4441
42534821	4442
42534822	4443
42534823	4444
42534835	4445
42535113	4446
42535114	4447
42535115	4448
42535116	4449
42535117	4450
42535118	4451
42535119	4452
42535120	4453
42535121	4454
42535122	4455
42535123	4456
42535124	4457
42535125	4458
42535126	4459
42535127	4460
42535128	4461
42535129	4462
42535130	4463
42535131	4464
42535132	4465
42535133	4466
42535134	4467
42535188	4468
42535273	4469
42535274	4470
42535275	4471
42535276	4472
42535277	4473
42535278	4474
42535279	4475
42535280	4476
42535281	4477
42535282	4478
42535284	4479
42535285	4480
42535289	4481
42535313	4482
42535314	4483
42535315	4484
42535316	4485
42535317	4486
42535318	4487
42535584	4488
42536609	4489
42536624	4490
42536625	4491
42536628	4492
42536629	4493
42536865	4494
42536866	4495
42536867	4496
42536868	4497
42536869	4498
42536870	4499
42536871	4500
42536872	4501
42536873	4502
42536874	4503
42536875	4504
42536876	4505
42536877	4506
42536878	4507
42536879	4508
42536880	4509
42536881	4510
42536882	4511
42536883	4512
42536884	4513
42536885	4514
42536886	4515
42536887	4516
42536888	4517
42536889	4518
42536890	4519
42536891	4520
42536892	4521
42536901	4522
42538146	4523
42538147	4524
42538401	4525
42538402	4526
42538404	4527
42538405	4528
42540448	4529
42540449	4530
42540450	4531
42540451	4532
42540452	4533
42540453	4534
42540454	4535
42540455	4536
42540456	4537
42540457	4538
42540458	4539
42540459	4540
42540460	4541
42540461	4542
42540462	4543
42540463	4544
42540464	4545
42540465	4546
42540467	4547
42540469	4548
42540471	4549
42540473	4550
42540704	4551
42540705	4552
42540713	4553
42540714	4554
42540715	4555
42540716	4556
42540717	4557
42540718	4558
42540719	4559
42540721	4560
42540722	4561
42540730	4562
42542240	4563
42542241	4564
42543009	4565
42543014	4566
42543015	4567
42543016	4568
42543017	4569
42543018	4570
42543019	4571
42543020	4572
42543021	4573
42543022	4574
42543049	4575
42543050	4576
42543051	4577
42543052	4578
42543053	4579
42543054	4580
42543055	4581
42543056	4582
42543057	4583
42543058	4584
42543059	4585
42543060	4586
42543061	4587
42543062	4588
42543063	4589
42543064	4590
42543065	4591
42543066	4592
42543067	4593
42543068	4594
42543264	4595
42543265	4596
42543267	4597
42543268	4598
42543269	4599
42543270	4600
42543520	4601
42543521	4602
42543522	4603
42543523	4604
42543524	4605
42543525	4606
42543526	4607
42543527	4608
42543528	4609
42543529	4610
42543530	4611
42543531	4612
42543532	4613
42543533	4614
42543534	4615
42543535	4616
42543536	4617
42543537	4618
42543538	4619
42543539	4620
42543540	4621
42543541	4622
42543542	4623
42543543	4624
42543544	4625
42543545	4626
42543546	4627
42543547	4628
42543548	4629
42543549	4630
42543550	4631
42543551	4632
42543552	4633
42543626	4634
42543627	4635
42543628	4636
42543630	4637
42545568	4638
42545569	4639
42545570	4640
42545571	4641
42545572	4642
42545573	4643
42545574	4644
42545575	4645
42545576	4646
42545577	4647
42545578	4648
42545579	4649
42545580	4650
42545581	4651
42545582	4652
42545583	4653
42545824	4654
42545825	4655
42545826	4656
42545827	4657
42545828	4658
42545829	4659
42545830	4660
42545831	4661
42545832	4662
42545833	4663
42545834	4664
42545835	4665
42545836	4666
42545837	4667
42545838	4668
42545839	4669
42545840	4670
42545841	4671
42545842	4672
42545843	4673
42545844	4674
42545846	4675
42545847	4676
42545848	4677
42545849	4678
42545850	4679
42545851	4680
42545852	4681
42545853	4682
42545856	4683
42545857	4684
42545858	4685
42547873	4686
42548130	4687
42548131	4688
42548138	4689
42548139	4690
42548140	4691
42548148	4692
42548149	4693
42548150	4694
42548151	4695
42548153	4696
42548154	4697
42548159	4698
42548160	4699
42548168	4700
42548169	4701
42548173	4702
42548174	4703
42548175	4704
42548176	4705
42548177	4706
42548178	4707
42548179	4708
42548180	4709
42548181	4710
42548185	4711
42548186	4712
42548187	4713
42548193	4714
42550944	4715
42550945	4716
42550946	4717
42550947	4718
42550948	4719
42550949	4720
42550950	4721
42550961	4722
42550962	4723
42550963	4724
42551201	4725
42551202	4726
42552224	4727
42553248	4728
42553504	4729
42555296	4730
42555552	4731
42556320	4732
42556321	4733
42557600	4734
42557601	4735
42557602	4736
42557603	4737
42557604	4738
42557605	4739
42557606	4740
42557607	4741
42559136	4742
42561953	4743
42561954	4744
42561955	4745
4142	4746
414256	4747
414512	4748
414513	4749
414514	4750
414515	4751
414516	4752
414517	4753
414518	4754
414519	4755
414576	4756
414832	4757
414833	4758
4141024	4759
4141025	4760
4141280	4761
4141281	4762
4141282	4763
4141283	4764
4141284	4765
4141285	4766
4141286	4767
4141600	4768
4141792	4769
4141793	4770
4141794	4771
4141795	4772
4141796	4773
4141797	4774
4141798	4775
4141799	4776
4141800	4777
4141801	4778
4141802	4779
4141803	4780
4141804	4781
4141805	4782
4141806	4783
4141807	4784
4141808	4785
4141809	4786
4141810	4787
4141811	4788
4141812	4789
4141814	4790
4141815	4791
4141816	4792
4141817	4793
4141818	4794
4141819	4795
4141820	4796
4141821	4797
4141822	4798
4141823	4799
4141856	4800
4142049	4801
4142050	4802
4142051	4803
4142052	4804
4142053	4805
4142560	4806
4142561	4807
4142562	4808
4142565	4809
4142624	4810
4142625	4811
4142880	4812
4143072	4813
4143073	4814
4143136	4815
4143137	4816
4143392	4817
4143393	4818
4143394	4819
4143395	4820
4143648	4821
4143649	4822
4143650	4823
4143841	4824
4143904	4825
4143905	4826
4145120	4827
4145121	4828
4145122	4829
4145123	4830
4145124	4831
4145125	4832
4145126	4833
4145127	4834
4145129	4835
4145131	4836
4145132	4837
4145184	4838
4145185	4839
4145186	4840
4145187	4841
4145188	4842
4145189	4843
4145190	4844
4145191	4845
4145192	4846
4145193	4847
4145194	4848
4145376	4849
4145378	4850
4145379	4851
4145381	4852
4145382	4853
4145383	4854
4145384	4855
4145385	4856
4145386	4857
4145387	4858
4145388	4859
4145389	4860
4145390	4861
4145391	4862
4145392	4863
4145393	4864
4145394	4865
4145395	4866
4145396	4867
4145397	4868
4145398	4869
4145399	4870
4145401	4871
4145403	4872
4145404	4873
4145405	4874
4145440	4875
4145441	4876
4145442	4877
4145443	4878
4145444	4879
4145445	4880
4145446	4881
4145447	4882
4145448	4883
4145632	4884
4145633	4885
4145635	4886
4145636	4887
4145637	4888
4145638	4889
4145639	4890
4145640	4891
4145641	4892
4145642	4893
4145643	4894
4145644	4895
4145645	4896
4145646	4897
4145647	4898
4145648	4899
4145649	4900
4145650	4901
4145651	4902
4145652	4903
4145653	4904
4145654	4905
4145655	4906
4145656	4907
4145657	4908
4145658	4909
4145659	4910
4145663	4911
4145666	4912
4145667	4913
4145668	4914
4145669	4915
4145670	4916
4145671	4917
4145673	4918
4145674	4919
4145675	4920
4145700	4921
4145701	4922
4145702	4923
4145703	4924
4145704	4925
4145705	4926
4145706	4927
4145707	4928
4145709	4929
4145889	4930
4145890	4931
4145891	4932
4145892	4933
4145893	4934
4145956	4935
4145957	4936
4145958	4937
4145960	4938
4145961	4939
4145962	4940
4146208	4941
4146209	4942
4146210	4943
4146211	4944
4146212	4945
4146720	4946
4148000	4947
4148001	4948
4148002	4949
4148003	4950
4148004	4951
4148005	4952
4148006	4953
4148007	4954
4148008	4955
4148009	4956
4148010	4957
4148011	4958
4148012	4959
4148256	4960
41410304	4961
41410305	4962
41410306	4963
41410307	4964
41410308	4965
41410309	4966
41410310	4967
41410560	4968
41410816	4969
41410817	4970
41410819	4971
41410820	4972
41410821	4973
41410822	4974
41410823	4975
41410824	4976
41410825	4977
41410826	4978
41411328	4979
41411329	4980
41411330	4981
41411840	4982
41411841	4983
41411842	4984
41411843	4985
41412130	4986
41412131	4987
41412608	4988
41412609	4989
41412610	4990
41412611	4991
41412612	4992
41412864	4993
41412865	4994
41412867	4995
41412868	4996
41413120	4997
41413121	4998
41413122	4999
41413123	5000
41413124	5001
41413125	5002
41413126	5003
41413127	5004
41413128	5005
41413129	5006
41413132	5007
41413133	5008
41413134	5009
41413135	5010
41413136	5011
41413137	5012
41413138	5013
41413139	5014
41413140	5015
41413141	5016
41413142	5017
41413143	5018
41413144	5019
41413376	5020
41413377	5021
41413378	5022
41413379	5023
41413380	5024
41413381	5025
41413382	5026
41413383	5027
41413384	5028
41413385	5029
41413386	5030
41413387	5031
41413388	5032
41413389	5033
41413390	5034
41413391	5035
41413392	5036
41413393	5037
41413394	5038
41413395	5039
41413396	5040
41413397	5041
41413398	5042
41413399	5043
41413400	5044
41413401	5045
41413402	5046
41413403	5047
41413404	5048
41413405	5049
41413406	5050
41413632	5051
41413633	5052
41413888	5053
41413889	5054
41413890	5055
41413891	5056
41414144	5057
41415360	5058
41415361	5059
41415424	5060
41415616	5061
41415617	5062
41415618	5063
41415873	5064
41415874	5065
41415936	5066
41416192	5067
41416193	5068
41416448	5069
41416449	5070
41416641	5071
41416704	5072
41417216	5073
41417984	5074
41417985	5075
41417986	5076
41417987	5077
41417988	5078
41417989	5079
41417990	5080
41417991	5081
41418240	5082
41418241	5083
41418496	5084
41418497	5085
41418498	5086
41418499	5087
41418691	5088
41418752	5089
41418753	5090
41418754	5091
41418755	5092
41418944	5093
41419008	5094
41419009	5095
41419010	5096
41419200	5097
41419201	5098
41419202	5099
41419203	5100
41419204	5101
41419205	5102
41419206	5103
41419207	5104
41419208	5105
41419209	5106
41419210	5107
41419211	5108
41419212	5109
41419213	5110
41419214	5111
41419215	5112
41419216	5113
41419217	5114
41419218	5115
41419219	5116
41419264	5117
41419265	5118
41419456	5119
41419520	5120
41419521	5121
41419522	5122
41419523	5123
41419524	5124
41419525	5125
41419526	5126
41419527	5127
41419528	5128
41419529	5129
41419530	5130
41419712	5131
41419713	5132
41419714	5133
41419715	5134
41419776	5135
41419777	5136
41419968	5137
41419969	5138
41419970	5139
41420032	5140
41420033	5141
41420288	5142
41420289	5143
41420290	5144
41420544	5145
41420545	5146
41420546	5147
41420547	5148
41420548	5149
41420549	5150
41420550	5151
41420551	5152
41420552	5153
41420553	5154
41420554	5155
41420555	5156
41420556	5157
41420557	5158
41420558	5159
41420559	5160
41420560	5161
41420561	5162
41420562	5163
41420563	5164
41420564	5165
41420565	5166
41420566	5167
41420567	5168
41420568	5169
41420569	5170
41420570	5171
41420800	5172
41420801	5173
41420802	5174
41420803	5175
41421059	5176
41421060	5177
41421062	5178
41421063	5179
41421064	5180
41421065	5181
41421312	5182
41421315	5183
41421316	5184
41421319	5185
41421320	5186
41421324	5187
41421325	5188
41421326	5189
41421327	5190
41421328	5191
41421329	5192
41421568	5193
41421570	5194
41421572	5195
41421573	5196
41421575	5197
41421576	5198
41421579	5199
41421580	5200
41421581	5201
41421582	5202
41421584	5203
41421586	5204
41421826	5205
41421831	5206
41421837	5207
41422080	5208
41422336	5209
41422592	5210
41422593	5211
41422594	5212
41422595	5213
41422596	5214
41422597	5215
41422784	5216
41422848	5217
41423040	5218
41423104	5219
41423105	5220
41423106	5221
41423107	5222
41423296	5223
41423297	5224
41423298	5225
41425600	5226
41425601	5227
41425602	5228
41425664	5229
41425665	5230
41425666	5231
41425856	5232
41425857	5233
41425858	5234
41425859	5235
41425860	5236
41425861	5237
41425862	5238
41425863	5239
41425864	5240
41425865	5241
41425866	5242
41425867	5243
41425868	5244
41425869	5245
41426112	5246
41426113	5247
41426114	5248
41426115	5249
41426116	5250
41426117	5251
41426118	5252
41426119	5253
41426120	5254
41426121	5255
41426122	5256
41426123	5257
41426124	5258
41426125	5259
41426126	5260
41426127	5261
41426128	5262
41426129	5263
41426130	5264
41426131	5265
41426133	5266
41426176	5267
41426177	5268
41426178	5269
41426179	5270
41426368	5271
41426369	5272
41426370	5273
41426371	5274
41426372	5275
41426373	5276
41426374	5277
41426375	5278
41426376	5279
41426377	5280
41426378	5281
41426379	5282
41426380	5283
41426381	5284
41426382	5285
41426383	5286
41426384	5287
41426385	5288
41426386	5289
41426387	5290
41426388	5291
41426432	5292
41426433	5293
41426434	5294
41426435	5295
41426436	5296
41426624	5297
41426625	5298
41428224	5299
41428225	5300
41428226	5301
41428227	5302
41428228	5303
41428229	5304
41428230	5305
41428231	5306
41428232	5307
41428480	5308
41428736	5309
41428993	5310
41464000	5311
4148392704	5312
4148392705	5313
4148392706	5314
4148392707	5315
4148393984	5316
4148393985	5317
4148393988	5318
4148394008	5319
4148394014	5320
4148398848	5321
4148399104	5322
4148399105	5323
4148399872	5324
4148399873	5325
4148400128	5326
4148400129	5327
4148400130	5328
4148400131	5329
4148400384	5330
4148400385	5331
4148401152	5332
4148401153	5333
4148401154	5334
4148401408	5335
4148402177	5336
4148402688	5337
4148402690	5338
4148402944	5339
4148402945	5340
4148407042	5341
4148407043	5342
4148407296	5343
4148407297	5344
4148417537	5345
414134217728	5346
414134217729	5347
414134217731	5348
414134217732	5349
414134217733	5350
414134217734	5351
414134217735	5352
414134217736	5353
414134217737	5354
414134217738	5355
414134217739	5356
414134217740	5357
414134217741	5358
414134217742	5359
414134217743	5360
414134217744	5361
414134217745	5362
414134217746	5363
414134217747	5364
414134217748	5365
414134217984	5366
414134217985	5367
414134217986	5368
414134217987	5369
414134217988	5370
414134217989	5371
414134218240	5372
414134218241	5373
414134218242	5374
414134218496	5375
414134218497	5376
414134218498	5377
414134218499	5378
414134218500	5379
414134218752	5380
414134218753	5381
414134218754	5382
414134218755	5383
414134218756	5384
414134219008	5385
414134219009	5386
414134219010	5387
414134219264	5388
414134219265	5389
414134219266	5390
414134219520	5391
414134219521	5392
414134219522	5393
414134219523	5394
414134219524	5395
414134219525	5396
414134219526	5397
414134219527	5398
414134219528	5399
414134219529	5400
414134219776	5401
414134219777	5402
414134219778	5403
414134219779	5404
414134219780	5405
414134219781	5406
414134219782	5407
414134219783	5408
414134219784	5409
414134219785	5410
414134219786	5411
414134219787	5412
414134219788	5413
414134219789	5414
414134219790	5415
414134219791	5416
414134219792	5417
414134219793	5418
414134219794	5419
414134219795	5420
414134219796	5421
414134219797	5422
414134219798	5423
414134219799	5424
414134219800	5425
414134219801	5426
414134219802	5427
414134219803	5428
414134219804	5429
414134219805	5430
414134219806	5431
414134220288	5432
414134220289	5433
414134220290	5434
414134220291	5435
414134220292	5436
414134220293	5437
414134220294	5438
414134220295	5439
414134220296	5440
414134220297	5441
414134220298	5442
414134220299	5443
414134220300	5444
414134220301	5445
414134220302	5446
414134220303	5447
414134220304	5448
414134220305	5449
414134220306	5450
414134220307	5451
414134220308	5452
414134220309	5453
414134220310	5454
414134220311	5455
414134220312	5456
414134220313	5457
414134220314	5458
414134220315	5459
414134220316	5460
414134220317	5461
414134220544	5462
414134220545	5463
414134220546	5464
414134220547	5465
414134220548	5466
414134220549	5467
414134220550	5468
414134220551	5469
414134220552	5470
414134220553	5471
414134220554	5472
414134220555	5473
414134220556	5474
414134220557	5475
414134220558	5476
414134220559	5477
414134220560	5478
414134220561	5479
414134220562	5480
414134220563	5481
414134220564	5482
414134220800	5483
414134220801	5484
414134220802	5485
414134220803	5486
414134220804	5487
414134220805	5488
414134220806	5489
414134220807	5490
414134220808	5491
414134220809	5492
414134220810	5493
414134220811	5494
414134220812	5495
414134220813	5496
414134221056	5497
414134221057	5498
414134221060	5499
414134221061	5500
414134221062	5501
414134221312	5502
414134221568	5503
414134221569	5504
414134221570	5505
414134221571	5506
414134221572	5507
414134221824	5508
414134221825	5509
414134221826	5510
414134221827	5511
414134222080	5512
414134222082	5513
414134222086	5514
414134222087	5515
414134222088	5516
414134222089	5517
414134222090	5518
414134222091	5519
414134222092	5520
414134222093	5521
414134222094	5522
414134222095	5523
414134222096	5524
414134222097	5525
414134222098	5526
414134222099	5527
414134222100	5528
414134222101	5529
414134222102	5530
414134222103	5531
414134222104	5532
414134222108	5533
414134222109	5534
414134222110	5535
414134222111	5536
414134222113	5537
414134222114	5538
414134222115	5539
414134222116	5540
414134222117	5541
414134222130	5542
414134222180	5543
414134222336	5544
414134222337	5545
414134222338	5546
414134222339	5547
414134222340	5548
414134222341	5549
414134222342	5550
414134222849	5551
414134222850	5552
414134222851	5553
414134222852	5554
414134222853	5555
414134222854	5556
414134222870	5557
414134222871	5558
414134222872	5559
414134222873	5560
414134222874	5561
414134222877	5562
414134222878	5563
414134222881	5564
414134222885	5565
414134222886	5566
414134222890	5567
414134223104	5568
414134223105	5569
414134223106	5570
414134223107	5571
414134223108	5572
414134223109	5573
414134223110	5574
414134223111	5575
414134223112	5576
414134223113	5577
414134223114	5578
414134223115	5579
414134223116	5580
414134223117	5581
414134223118	5582
414134223119	5583
414134223120	5584
414134223121	5585
414134223122	5586
414134223123	5587
414134223124	5588
414134223125	5589
414134223126	5590
414134223127	5591
414134223128	5592
414134223129	5593
414134223130	5594
414134223131	5595
414134223132	5596
414134223133	5597
414134223134	5598
414134223135	5599
414134223136	5600
414134223137	5601
414134223138	5602
414134223139	5603
414134223140	5604
414134223141	5605
414134223142	5606
414134223143	5607
414134223144	5608
414134223145	5609
414134223146	5610
414134223147	5611
414134223148	5612
414134223149	5613
414134223150	5614
414134223151	5615
414134223152	5616
414134223153	5617
414134223154	5618
414134223155	5619
414134223156	5620
414134223157	5621
414134223158	5622
414134223159	5623
414134223160	5624
414134223161	5625
414134223162	5626
414134223163	5627
414134223164	5628
414134223165	5629
414134223166	5630
414134223167	5631
414134223168	5632
414134223169	5633
414134223170	5634
414134223171	5635
414134223172	5636
414134223173	5637
414134223174	5638
414134223175	5639
414134225664	5640
414134225920	5641
414134226176	5642
414134226177	5643
414134226432	5644
414134226433	5645
414134226434	5646
414134226435	5647
414134226436	5648
414134226437	5649
414134226438	5650
414134226688	5651
414134227456	5652
414134227712	5653
414134227968	5654
414134227969	5655
414134227970	5656
414134227971	5657
414134227972	5658
414134228224	5659
414134228225	5660
414134228480	5661
414134228481	5662
414134228483	5663
414134228485	5664
414134228488	5665
414134228489	5666
414134228490	5667
414134228491	5668
414134228492	5669
414134228493	5670
414134228494	5671
414134228494	5672
414134228495	5673
414134228495	5674
414134228496	5675
414134228496	5676
414134228497	5677
414134228498	5678
414134228498	5679
414134228499	5680
414134228500	5681
414134228501	5682
414134228560	5683
414134228561	5684
414134228562	5685
414134228563	5686
414134228564	5687
414134228592	5688
414134228593	5689
414134228736	5690
414134228737	5691
414134228738	5692
414134228739	5693
414134228740	5694
414134228741	5695
414134228742	5696
414134228743	5697
414134228744	5698
414134228745	5699
414134228746	5700
414134228747	5701
414134228748	5702
414134228749	5703
414134228750	5704
414134228751	5705
414134228754	5706
414134228755	5707
414134228756	5708
414134228757	5709
414134228784	5710
414134228785	5711
414134228786	5712
414134228786	5713
414134228786	5714
414134228787	5715
414134228788	5716
414134228789	5717
414134228790	5718
414134228791	5719
414134228792	5720
414134228793	5721
414134228794	5722
414134228795	5723
414134228796	5724
414134228797	5725
414134228798	5726
414134228799	5727
414134228800	5728
414134228801	5729
414134228802	5730
414134228803	5731
414134228804	5732
414134228805	5733
414134228806	5734
414134228807	5735
414134228808	5736
414134228809	5737
414134228810	5738
414134228811	5739
414134228812	5740
414134228816	5741
414134228992	5742
414134228993	5743
414134228994	5744
414134228995	5745
414134228996	5746
414134229001	5747
414134229009	5748
414134229010	5749
414134229011	5750
414134229012	5751
414134229013	5752
414134229014	5753
414134229015	5754
414134229016	5755
414134229017	5756
414134229024	5757
414134229025	5758
414134229026	5759
414134229027	5760
414134229028	5761
414134229029	5762
414134229030	5763
414134229031	5764
414134229032	5765
414134229033	5766
414134229034	5767
414134229035	5768
414134229036	5769
414134229037	5770
414134229038	5771
414134229040	5772
414134229041	5773
414134229048	5774
414134229049	5775
414134229054	5776
414134229055	5777
414134229056	5778
414134229057	5779
414134229058	5780
414134229060	5781
414134229061	5782
414134229072	5783
414134229073	5784
414134229088	5785
414134229089	5786
414134229090	5787
414134229091	5788
414134229092	5789
414134229104	5790
414134229105	5791
414134229120	5792
414134229121	5793
414134229122	5794
414134229123	5795
414134229136	5796
414134229146	5797
414134229147	5798
414134229153	5799
414134229154	5800
414134229155	5801
414134229156	5802
414134229157	5803
414134229158	5804
414134229159	5805
414134229160	5806
414134229168	5807
414134229177	5808
414134229184	5809
414134229185	5810
414134229186	5811
414134229187	5812
414134229188	5813
414134229189	5814
414134229190	5815
414134229191	5816
414134229192	5817
414134229193	5818
414134229194	5819
414134229195	5820
414134229196	5821
414134229197	5822
414134229198	5823
414134229199	5824
414134229200	5825
414134229201	5826
414134229202	5827
414134229203	5828
414134229204	5829
414134229205	5830
414134229206	5831
414134229207	5832
414134229208	5833
414134229209	5834
414134229210	5835
414134229211	5836
414134229212	5837
414134229213	5838
414134229214	5839
414134229215	5840
414134229216	5841
414134229217	5842
414134229218	5843
414134229219	5844
414134229220	5845
414134229221	5846
414134229222	5847
414134229223	5848
414134229224	5849
414134229225	5850
414134229230	5851
414134229231	5852
414134229232	5853
414134229233	5854
414134229234	5855
414134229235	5856
414134229236	5857
414134229237	5858
414134229238	5859
414134229239	5860
414134229240	5861
414134229241	5862
414134229248	5863
414134230272	5864
414134230273	5865
414134230274	5866
414134230275	5867
414134230276	5868
414134230277	5869
414134230278	5870
414134230279	5871
414134230280	5872
414134230529	5873
414134230529	5874
414134230529	5875
414134230529	5876
414134230531	5877
414134230532	5878
414134230533	5879
414134230534	5880
414134230535	5881
414134230536	5882
414134230537	5883
414134230538	5884
414134230539	5885
414134230540	5886
414134230541	5887
414134230542	5888
414134230543	5889
414134230544	5890
414134230545	5891
414134230546	5892
414134230547	5893
414134230548	5894
414134230549	5895
414134230550	5896
414134230551	5897
414134230552	5898
414134230784	5899
414134230785	5900
414134230786	5901
414134230787	5902
414134230788	5903
414134230789	5904
414134230790	5905
414134230791	5906
414134230792	5907
414134230793	5908
414134230794	5909
414134230795	5910
414134230796	5911
414134230797	5912
414134230798	5913
414134230799	5914
414134230800	5915
414134230801	5916
414134230802	5917
414134230803	5918
414134230804	5919
414134230805	5920
414134230806	5921
414134230807	5922
414134230809	5923
414134230810	5924
414134231040	5925
414134231041	5926
414134234391	5927
414134234624	5928
414134234880	5929
414134234881	5930
414134234882	5931
414134234883	5932
414134235136	5933
414134235168	5934
414134235169	5935
414134235170	5936
414134235171	5937
414134235172	5938
414134238211	5939
414134238212	5940
414134238213	5941
414134238225	5942
414134238226	5943
414134238227	5944
414134238228	5945
414134238229	5946
414134238235	5947
414134238236	5948
414134238251	5949
414134238252	5950
414134238253	5951
414134238254	5952
414134238255	5953
414134238256	5954
414134238257	5955
414134238290	5956
414134238293	5957
414134238294	5958
414134238298	5959
414134238318	5960
414134238319	5961
414134238320	5962
414134238321	5963
414134238322	5964
414134238323	5965
414134238324	5966
414134238325	5967
414134238326	5968
414134238327	5969
414134238328	5970
414134238329	5971
414134238330	5972
414134238331	5973
414134238332	5974
414134238333	5975
414134238334	5976
414134238335	5977
414134238336	5978
414134238337	5979
414134238338	5980
414134238339	5981
414134238340	5982
414134238341	5983
414134238342	5984
414134238343	5985
414134238344	5986
414134238345	5987
414134238346	5988
414134238347	5989
414134238348	5990
414134242304	5991
414134242305	5992
414134242306	5993
414134242307	5994
414134242308	5995
414134242309	5996
414134242310	5997
414134242311	5998
414134242312	5999
414134242313	6000
414134242314	6001
414134242315	6002
414134242316	6003
414134242317	6004
414134242318	6005
414134242319	6006
414134242320	6007
414134242321	6008
414134242322	6009
414134242323	6010
414134242324	6011
414134242327	6012
414134242328	6013
414134242330	6014
414134242331	6015
414134242332	6016
414134242333	6017
414134242346	6018
414134242347	6019
414134242349	6020
414134242350	6021
414134242351	6022
414134242352	6023
414134242353	6024
414134242354	6025
414134242355	6026
414134242356	6027
414134242357	6028
414134242358	6029
414134242359	6030
414134242360	6031
414134242361	6032
414134242362	6033
414134242363	6034
4011	6035
4012	6036
4013	6037
4014	6038
4015	6039
4016	6040
4017	6041
4018	6042
4019	6043
40110	6044
40111	6045
40112	6046
40113	6047
40116	6048
40117	6049
40118	6050
40119	6051
40120	6052
40121	6053
40123	6054
40124	6055
40125	6056
40126	6057
40127	6058
40128	6059
40129	6060
40130	6061
40131	6062
40132	6063
40133	6064
40134	6065
40135	6066
40136	6067
40137	6068
40138	6069
40139	6070
40140	6071
40141	6072
40142	6073
401512	6074
401513	6075
401514	6076
401515	6077
401516	6078
401517	6079
4014097	6080
4014099	6081
4014100	6082
4014102	6083
4014103	6084
4014104	6085
4014105	6086
4014106	6087
4014107	6088
4014108	6089
4014110	6090
4014112	6091
4014114	6092
4015633	6093
4015635	6094
4015639	6095
4015648	6096
4015649	6097
4015650	6098
4015652	6099
4015654	6100
4015655	6101
4015656	6102
4015658	6103
4015662	6104
4015663	6105
4015664	6106
4015668	6107
4015669	6108
4015670	6109
4015671	6110
4015672	6111
4015673	6112
4015674	6113
4015675	6114
4015676	6115
4015677	6116
4015678	6117
4015680	6118
4015681	6119
4015682	6120
4015683	6121
4015685	6122
4015686	6123
4015688	6124
4015888	6125
4015889	6126
4016401	6127
4016402	6128
4016403	6129
4016406	6130
4016407	6131
4016408	6132
4016409	6133
4016410	6134
4016411	6135
4016412	6136
4016413	6137
4016912	6138
4016913	6139
4016914	6140
4016915	6141
4016916	6142
4017169	6143
4017170	6144
4017171	6145
4017172	6146
4017173	6147
4017174	6148
4017185	6149
4017186	6150
4017187	6151
4017188	6152
4017189	6153
4017190	6154
4017201	6155
4017202	6156
4017203	6157
4017204	6158
4017205	6159
4017206	6160
4017217	6161
4017218	6162
4017219	6163
4017220	6164
4017221	6165
4017222	6166
4017233	6167
4017234	6168
4017235	6169
4017236	6170
4017237	6171
4017238	6172
4017249	6173
4017250	6174
4017251	6175
4017252	6176
4017253	6177
4017254	6178
4017265	6179
4017266	6180
4017267	6181
4017268	6182
4017269	6183
4017270	6184
4017281	6185
4017282	6186
4017283	6187
4017284	6188
4017285	6189
4017286	6190
4017297	6191
4017298	6192
4017299	6193
4017300	6194
4017301	6195
4017302	6196
4017313	6197
4017314	6198
4017315	6199
4017316	6200
4017317	6201
4017318	6202
4017329	6203
4017330	6204
4017331	6205
4017332	6206
4017333	6207
4017334	6208
4017335	6209
4017336	6210
4017337	6211
4017392	6212
4017393	6213
4017394	6214
4017395	6215
4017396	6216
4017398	6217
4017400	6218
4017401	6219
4017403	6220
4017404	6221
4017405	6222
4017406	6223
4017407	6224
4017408	6225
4017409	6226
4017410	6227
4017411	6228
4017412	6229
4017413	6230
4017414	6231
4017415	6232
4017416	6233
4017417	6234
4017418	6235
4017501	6236
4017502	6237
4017503	6238
4017504	6239
4017505	6240
4017506	6241
4017507	6242
4017508	6243
4017509	6244
4017510	6245
4017511	6246
4017512	6247
4017513	6248
4017514	6249
4017515	6250
4017516	6251
4017517	6252
4017518	6253
4017519	6254
4017520	6255
4017521	6256
4017522	6257
4017523	6258
4017524	6259
4017525	6260
4017526	6261
4017527	6262
4017528	6263
4017529	6264
4017530	6265
4017531	6266
4017532	6267
4017533	6268
4017534	6269
4017535	6270
4017536	6271
4017537	6272
4017538	6273
4017539	6274
4017540	6275
4017541	6276
4017542	6277
4017543	6278
4017544	6279
4017545	6280
4017546	6281
4017547	6282
4017548	6283
4017549	6284
4017550	6285
4017551	6286
4017552	6287
4017553	6288
4017554	6289
4017555	6290
4017556	6291
4017558	6292
4017559	6293
4017560	6294
4017561	6295
4017563	6296
4017565	6297
4017566	6298
4018200	6299
4018202	6300
4018404	6301
4018406	6302
4018448	6303
4018704	6304
4018705	6305
4018961	6306
4018962	6307
4018963	6308
4018964	6309
4018966	6310
4018967	6311
4018968	6312
4018969	6313
4018971	6314
4018972	6315
4018973	6316
4018974	6317
4018975	6318
4018976	6319
4018977	6320
4018978	6321
4018979	6322
4018980	6323
4018981	6324
4018982	6325
4018983	6326
4018984	6327
4018985	6328
4018987	6329
4018988	6330
4018989	6331
4018990	6332
4018992	6333
4018993	6334
4018994	6335
4018995	6336
4018997	6337
4018998	6338
4018999	6339
4019000	6340
4019002	6341
4019003	6342
4019004	6343
4019005	6344
4019007	6345
4019008	6346
4019009	6347
4019010	6348
4019011	6349
4019013	6350
4019014	6351
4019015	6352
4019016	6353
4019017	6354
4019019	6355
4019020	6356
4019021	6357
4019022	6358
4019024	6359
4019025	6360
4019026	6361
4019027	6362
4019029	6363
4019030	6364
4019031	6365
4019032	6366
4019034	6367
4019035	6368
4019036	6369
4019037	6370
4019039	6371
4019040	6372
4019041	6373
4019042	6374
4019045	6375
4019217	6376
4019218	6377
4019219	6378
4019220	6379
4019456	6380
4019457	6381
4019458	6382
4019459	6383
4019470	6384
40112801	6385
40112803	6386
40112804	6387
40112805	6388
40112807	6389
40112808	6390
40112810	6391
40112812	6392
40112815	6393
40112817	6394
40112819	6395
40112821	6396
40112822	6397
40112823	6398
40112824	6399
40112826	6400
40112827	6401
40112828	6402
40112829	6403
40112830	6404
40112831	6405
40112833	6406
40112834	6407
40112835	6408
40112836	6409
40112837	6410
40112838	6411
40112840	6412
40112841	6413
40112842	6414
40112843	6415
40112844	6416
40112845	6417
40112846	6418
40112847	6419
40112848	6420
40112849	6421
40112850	6422
40112853	6423
40112855	6424
40112856	6425
40112857	6426
40112858	6427
40112864	6428
40112865	6429
40112867	6430
40112869	6431
40112871	6432
40112873	6433
40112875	6434
40112878	6435
40112879	6436
40112880	6437
40112881	6438
40112882	6439
40112883	6440
40112884	6441
40112885	6442
40112886	6443
40112887	6444
40112888	6445
40112889	6446
40112890	6447
40112891	6448
40112892	6449
40112893	6450
40112894	6451
40112895	6452
40112896	6453
40112897	6454
40112898	6455
40112899	6456
40112900	6457
40112901	6458
40112902	6459
40112903	6460
40112904	6461
40112905	6462
40112906	6463
40112907	6464
40112908	6465
40112909	6466
40112910	6467
40113184	6468
40113186	6469
40113188	6470
40113190	6471
40113192	6472
40113194	6473
40113196	6474
40113198	6475
40113200	6476
40113201	6477
40113210	6478
40113212	6479
40113314	6480
40113315	6481
40113316	6482
40113318	6483
40113320	6484
40113321	6485
40113323	6486
40113324	6487
40113325	6488
40113326	6489
40113328	6490
40113330	6491
40113332	6492
40113334	6493
40113336	6494
40113338	6495
40113339	6496
40113340	6497
40113341	6498
40113342	6499
40113343	6500
40113344	6501
40113345	6502
40113346	6503
40113348	6504
40113349	6505
40113351	6506
40113353	6507
40113361	6508
40116385	6509
40116400	6510
40116641	6511
40116643	6512
40116645	6513
40116647	6514
40116648	6515
40116649	6516
40116651	6517
40116653	6518
40116657	6519
40116673	6520
40116675	6521
40116677	6522
40116689	6523
40116691	6524
40116693	6525
40116704	6526
40116706	6527
40116708	6528
40116709	6529
40116710	6530
40116718	6531
40116720	6532
40116722	6533
40116724	6534
40116726	6535
40116728	6536
40116736	6537
40116738	6538
40116740	6539
40116742	6540
40116744	6541
40116752	6542
40116754	6543
40116756	6544
40116758	6545
40116760	6546
40116768	6547
40116770	6548
40116772	6549
40116774	6550
40116776	6551
40116778	6552
40116780	6553
40116781	6554
40116783	6555
40116785	6556
40116787	6557
40116789	6558
40116791	6559
40116793	6560
40116795	6561
40116797	6562
40116799	6563
40116801	6564
40116802	6565
40116804	6566
40116806	6567
40116808	6568
40116809	6569
40116810	6570
40116812	6571
40116814	6572
40116815	6573
40116816	6574
40116818	6575
40116819	6576
40120489	6577
40120491	6578
40120492	6579
40120493	6580
40120495	6581
40120501	6582
40120502	6583
40120503	6584
40120505	6585
40120513	6586
40120515	6587
40120516	6588
40120518	6589
40120519	6590
40120520	6591
40120522	6592
40120523	6593
40120525	6594
40120526	6595
40120527	6596
40120528	6597
40120530	6598
40120737	6599
40120739	6600
40120740	6601
40120741	6602
40120742	6603
40120993	6604
40120994	6605
40120995	6606
40120996	6607
40120997	6608
40120998	6609
40121000	6610
40121001	6611
40121002	6612
40121003	6613
40121005	6614
40121006	6615
40121007	6616
40121008	6617
40121009	6618
40121013	6619
40121014	6620
40121015	6621
40121016	6622
40121017	6623
40121018	6624
40121019	6625
40121020	6626
40121021	6627
40121022	6628
40121024	6629
40121026	6630
40121027	6631
40121028	6632
40121029	6633
40121030	6634
40121249	6635
40121250	6636
40121251	6637
40121253	6638
40121254	6639
40121256	6640
40121259	6641
40121261	6642
40121267	6643
40121269	6644
40121270	6645
40121271	6646
40121272	6647
40121273	6648
40121274	6649
40121275	6650
40121276	6651
40121277	6652
40121279	6653
40121281	6654
40121282	6655
40121283	6656
40121284	6657
40121505	6658
40121506	6659
40121507	6660
40121509	6661
40121510	6662
40121511	6663
40121512	6664
40121513	6665
40121515	6666
40121516	6667
40121517	6668
40121518	6669
40121519	6670
40121520	6671
40121521	6672
40121522	6673
40121523	6674
40121840	6675
40121841	6676
40121842	6677
40121843	6678
40121844	6679
40121845	6680
40121846	6681
40121847	6682
40121848	6683
40121849	6684
40121850	6685
40121851	6686
40121853	6687
40121854	6688
40122273	6689
40122274	6690
40122275	6691
40122276	6692
40122277	6693
40122278	6694
40122279	6695
40122280	6696
40122281	6697
40122282	6698
40122283	6699
40122284	6700
40122285	6701
40122286	6702
40122287	6703
40122288	6704
40122289	6705
40122290	6706
40122291	6707
40122292	6708
40122293	6709
40122294	6710
40122295	6711
40122296	6712
40122297	6713
40122298	6714
40122299	6715
40122300	6716
40122301	6717
40122302	6718
40122303	6719
40122304	6720
40122305	6721
40122306	6722
40122307	6723
40122308	6724
40122309	6725
40122310	6726
40122311	6727
40122312	6728
40122313	6729
40122314	6730
40122315	6731
40122316	6732
40122317	6733
40122318	6734
40122784	6735
40122786	6736
40122788	6737
40122790	6738
40122791	6739
40122792	6740
40122793	6741
40122794	6742
40122795	6743
40122796	6744
40122797	6745
40122798	6746
40122799	6747
40122800	6748
40122801	6749
40122802	6750
40122803	6751
40123041	6752
40123043	6753
40123043	6754
40123044	6755
40123045	6756
40123045	6757
40123045	6758
40123045	6759
40123045	6760
40123047	6761
40123047	6762
40123047	6763
40123047	6764
40123047	6765
40123049	6766
40123051	6767
40123052	6768
40123053	6769
40123297	6770
40123297	6771
40123297	6772
40123298	6773
40125088	6774
40125089	6775
40125090	6776
40125091	6777
40125092	6778
40125093	6779
40125345	6780
40125346	6781
40125347	6782
40125349	6783
40125600	6784
40125602	6785
40125604	6786
40125606	6787
40125607	6788
40125610	6789
40125612	6790
40125614	6791
40125616	6792
40125617	6793
40132769	6794
40132770	6795
40132772	6796
40132774	6797
40132776	6798
40132777	6799
40132778	6800
40132779	6801
40132780	6802
40132781	6803
40140001	6804
40140003	6805
40140004	6806
40140005	6807
40140006	6808
40140007	6809
40140009	6810
40140011	6811
40140013	6812
40140015	6813
40140016	6814
40140017	6815
40140019	6816
40140020	6817
40140021	6818
40140022	6819
40140023	6820
40140024	6821
40140025	6822
40140026	6823
40140027	6824
40140029	6825
40140030	6826
40140031	6827
40140032	6828
40140033	6829
40140034	6830
40140035	6831
40140036	6832
40140037	6833
40140038	6834
40140039	6835
40140040	6836
40140041	6837
40140042	6838
40140043	6839
40140045	6840
40140047	6841
40140049	6842
40140051	6843
40140053	6844
40140055	6845
40140057	6846
40140059	6847
40140061	6848
40140062	6849
40140063	6850
40140064	6851
40140065	6852
40140066	6853
40140067	6854
40140068	6855
40140069	6856
40140070	6857
40140071	6858
40140072	6859
40140073	6860
40140074	6861
40140075	6862
40140076	6863
40140077	6864
40140078	6865
40140079	6866
40140080	6867
40140081	6868
40140082	6869
40140083	6870
40140084	6871
40140085	6872
40140086	6873
40140087	6874
40140088	6875
40140089	6876
40140090	6877
40140091	6878
40140092	6879
40140093	6880
40140094	6881
40140095	6882
40140096	6883
40140097	6884
40140098	6885
40140099	6886
40140100	6887
40140101	6888
40140102	6889
40140103	6890
40140104	6891
40140105	6892
40140106	6893
40140107	6894
40140108	6895
40140109	6896
40140110	6897
40140111	6898
40140112	6899
40140113	6900
40140114	6901
40140115	6902
40140116	6903
40140117	6904
40140118	6905
40140119	6906
40140120	6907
40140121	6908
40140122	6909
40140123	6910
40140124	6911
40140125	6912
40140126	6913
40140127	6914
40140128	6915
40140129	6916
40140130	6917
40140131	6918
40140132	6919
40140133	6920
40140134	6921
40140135	6922
40140136	6923
40140137	6924
40140138	6925
40140139	6926
40140140	6927
40140141	6928
40140142	6929
40140143	6930
40140144	6931
40140145	6932
40140146	6933
40140147	6934
40140148	6935
40140149	6936
40140150	6937
40140151	6938
40140153	6939
40140155	6940
40140157	6941
40140159	6942
40140161	6943
40140162	6944
40140163	6945
40140164	6946
40140165	6947
40140167	6948
40140169	6949
40140171	6950
40140173	6951
40140175	6952
40140177	6953
40140179	6954
40140181	6955
40140183	6956
40140185	6957
40140187	6958
40140189	6959
40140191	6960
40140193	6961
40140194	6962
40140195	6963
40140196	6964
40140197	6965
40140198	6966
40140199	6967
40140200	6968
40140201	6969
40140202	6970
40165535	6971
